$anFun
$anFun$`O_1-M0`
[1] "1-(-0.018193123003628+ (1-(-10)*t) * ((1/(1 + exp((315.36801162161-t)/(100)))) -  (1/(1 + exp((120.143711726646-t)/(33.3300079537801))))))"

$anFun$`O_1-M1`
[1] "-0.018193123003628+ (1-(-10)*t) * ((1/(1 + exp((315.36801162161-t)/(100)))) -  (1/(1 + exp((120.143711726646-t)/(33.3300079537801)))))"


$sim
  [1] -0.003722938  0.018055998  0.039657822  0.061080597  0.082322375  0.103381196  0.124255087  0.144942065  0.165440133  0.185747282  0.205861492  0.225780729  0.245502948  0.265026092  0.284348090  0.303466859  0.322380305  0.341086320  0.359582782  0.377867560  0.395938506  0.413793462  0.431430258  0.448846706  0.466040612  0.483009762  0.499751935  0.516264893  0.532546385  0.548594149  0.564405907  0.579979370  0.595312233  0.610402180  0.625246880  0.639843989  0.654191148  0.668285986  0.682126118  0.695709143  0.709032649  0.722094208  0.734891379  0.747421706  0.759682721  0.771671938  0.783386861  0.794824976  0.805983757  0.816860662  0.827453137  0.837758610  0.847774497  0.857498198  0.866927099  0.876058570  0.884889968  0.893418633  0.901641892  0.909557056  0.917161420  0.924452266  0.931426858  0.938082448  0.944416270  0.950425543  0.956107472  0.961459245  0.966478035  0.971160999  0.975505280  0.979508001  0.983166275  0.986477194  0.989437837  0.992045266  0.994296527  0.996188650  0.997718648  0.998883519  0.999680245  1.000105789  1.000157101  0.999831112  0.999124737  0.998034875  0.996558408  0.994692201  0.992433102  0.989777943  0.986723539  0.983266688  0.979404168  0.975132746  0.970449165  0.965350156  0.959832431  0.953892683  0.947527589  0.940733810

$exp
     [,1]         [,2]         [,3]        [,4]       [,5]     [,6]       [,7]       [,8]       [,9]     [,10]     [,11]     [,12]     [,13]     [,14]     [,15]     [,16]     [,17]     [,18]     [,19]     [,20]     [,21]     [,22]     [,23]     [,24]     [,25]     [,26]     [,27]     [,28]     [,29]     [,30]
[1,]    0 4.637416e-05 0.0006857951 0.003136773 0.00939055 0.019783 0.03663431 0.06128807 0.09454476 0.1343592 0.1833012 0.2368659 0.2931026 0.3472688 0.3943219 0.4367394 0.4738316 0.5117652 0.5579573 0.6175062 0.6914586 0.7728002 0.8497724 0.9136747 0.9568137 0.9817349 0.9934195 0.9980249 0.9994942 0.9998901

