$anFun
$anFun$`C_1-M0`
[1] "1-(1-((1)/(1+exp(-(-2.59190642171133)*(t-(1.21702809757355))))+(0.0191404741453833)))"

$anFun$`C_1-M1`
[1] "1-((1)/(1+exp(-(-2.59190642171133)*(t-(1.21702809757355))))+(0.0191404741453833))"


$sim
  [1] 0.02177688 0.04028824 0.06642713 0.10257509 0.15114992 0.21396514 0.29128212 0.38086764 0.47768002 0.57473140 0.66496592 0.74317589 0.80694498 0.85639853 0.89328053 0.91999296 0.93893223 0.95215845 0.96129757 0.96756640 0.97184479 0.97475470 0.97672922 0.97806691 0.97897217 0.97958436 0.97999815 0.98027774 0.98046662 0.98059419 0.98068035 0.98073854 0.98077783 0.98080436 0.98082228 0.98083437 0.98084254 0.98084806 0.98085178 0.98085430 0.98085600 0.98085714 0.98085792 0.98085844 0.98085879 0.98085903 0.98085919 0.98085930 0.98085937 0.98085942 0.98085946 0.98085948 0.98085949 0.98085950 0.98085951 0.98085952 0.98085952 0.98085952 0.98085952 0.98085952 0.98085952 0.98085952 0.98085953 0.98085953 0.98085953 0.98085953 0.98085953 0.98085953 0.98085953 0.98085953 0.98085953 0.98085953 0.98085953 0.98085953 0.98085953 0.98085953 0.98085953 0.98085953 0.98085953 0.98085953 0.98085953 0.98085953 0.98085953 0.98085953 0.98085953 0.98085953 0.98085953 0.98085953 0.98085953 0.98085953 0.98085953 0.98085953 0.98085953 0.98085953 0.98085953 0.98085953 0.98085953 0.98085953 0.98085953 0.98085953

$exp
     [,1]         [,2]        [,3]       [,4]       [,5]      [,6]      [,7]      [,8]      [,9]     [,10]     [,11]     [,12]     [,13]     [,14]     [,15]     [,16]     [,17]     [,18]     [,19]     [,20]     [,21]     [,22]    [,23]     [,24]     [,25]     [,26]     [,27]     [,28]     [,29]     [,30]
[1,]    0 0.0008001479 0.007763431 0.02899525 0.07524972 0.1422647 0.2360716 0.3507514 0.4750883 0.5912172 0.6998181 0.7887063 0.8584224 0.9089197 0.9424032 0.9652475 0.9792736 0.9878761 0.9931137 0.9962089 0.9980058 0.9990023 0.999527 0.9997944 0.9999164 0.9999688 0.9999897 0.9999969 0.9999992 0.9999998

